Parameter containing:
tensor([ 1.5915e-02,  1.5336e-02,  1.4600e-02,  1.3747e-02,  1.2809e-02,  1.1814e-02,  1.0780e-02,  9.7217e-03,  8.6459e-03,  7.5528e-03,  6.4360e-03,  5.2822e-03,  4.0719e-03,  2.7790e-03,  1.3708e-03, -1.9039e-04, -1.9492e-03, -3.9569e-03, -6.2694e-03, -8.9484e-03, -1.2065e-02, -1.5698e-02, -1.9933e-02, -2.4861e-02, -3.0573e-02, -3.7135e-02, -4.4568e-02, -5.2804e-02, -6.1902e-02, -7.2051e-02, -8.3191e-02, -9.5115e-02, -1.0749e-01, -1.1983e-01, -1.3148e-01, -1.4142e-01, -1.4815e-01, -1.4938e-01, -1.4152e-01, -1.1881e-01, -7.2897e-02, -3.2812e-02, -1.8295e-02, -2.1195e-02, -2.9161e-02, -3.0785e-02, -2.7998e-02, -3.1546e-02, -4.9697e-02, -8.4109e-02, -1.1066e-01, -1.3137e-01, -1.5012e-01, -1.6828e-01, -1.8541e-01, -2.0027e-01, -2.1045e-01, -2.1237e-01, -2.0083e-01, -1.6814e-01, -1.0433e-01, -6.9549e-04,  1.4330e-01,  3.1492e-01,  4.9232e-01,  6.5616e-01,  7.9406e-01,  8.9591e-01,  9.5298e-01,  9.5826e-01,  9.0713e-01,  7.9907e-01,  6.3997e-01,  4.4341e-01,  2.2909e-01,  5.3283e-02,
        -4.7477e-02, -1.1117e-01, -1.4253e-01, -1.4290e-01, -1.2080e-01, -1.0380e-01, -1.1237e-01, -5.9382e-02,  2.3753e-02,  1.1927e-01,  1.3576e-01,  1.0696e-02, -2.1404e-01, -4.7958e-01, -7.1799e-01, -8.8714e-01, -9.7044e-01, -9.6022e-01, -8.5146e-01, -6.4121e-01, -3.3217e-01, -2.1575e-02,  1.6051e-01,  2.1077e-01,  1.7351e-01,  1.2640e-01,  8.2623e-02,  4.8795e-02,  2.4778e-02,  9.1971e-03,  1.9950e-04, -4.0888e-03, -5.3232e-03, -4.8276e-03, -3.5453e-03, -2.0247e-03, -4.3400e-04,  1.2696e-03,  1.6926e-03,  1.6069e-03,  1.3497e-03,  1.0493e-03,  7.4936e-04,  4.6808e-04,  2.1989e-04,  1.9225e-05, -1.2534e-04, -2.1040e-04, -2.4042e-04, -2.2628e-04, -1.8349e-04, -1.2853e-04, -7.5883e-05, -3.5141e-05, -1.0172e-05,  7.6191e-07,  3.5098e-06,  5.7585e-06,  1.4671e-05], requires_grad=True)
Parameter containing:
tensor([ 8.8378e-04,  8.6848e-04,  8.5335e-04,  8.3836e-04,  8.2352e-04,  8.0885e-04,  7.9432e-04,  7.7995e-04,  7.6574e-04,  7.5167e-04,  7.3775e-04,  7.2399e-04,  7.1036e-04,  6.9688e-04,  6.8354e-04,  6.7034e-04,  6.5729e-04,  6.4438e-04,  6.3159e-04,  6.1895e-04,  6.0644e-04,  5.9405e-04,  5.8181e-04,  5.6969e-04,  5.5770e-04,  5.4582e-04,  5.3408e-04,  5.2243e-04,  5.1092e-04,  4.9953e-04,  4.8823e-04,  4.7705e-04,  4.6598e-04,  4.5501e-04,  4.4414e-04,  4.3337e-04,  4.2269e-04,  4.1209e-04,  4.0159e-04,  3.9116e-04,  3.8081e-04,  3.7054e-04,  3.6033e-04,  3.5017e-04,  3.4009e-04,  3.3004e-04,  3.2003e-04,  3.1006e-04,  3.0013e-04,  2.9022e-04,  2.8031e-04,  2.7041e-04,  2.6049e-04,  2.5055e-04,  2.4061e-04,  2.3061e-04,  2.2054e-04,  2.1041e-04,  2.0019e-04,  1.8986e-04,  1.7943e-04,  1.6882e-04,  1.5806e-04,  1.4711e-04,  1.3593e-04,  1.2451e-04,  1.1281e-04,  1.0077e-04,  8.8397e-05,  7.5606e-05,  6.2384e-05,  4.8635e-05,  3.4345e-05,  1.9429e-05,  3.8056e-06, -1.2609e-05,
        -2.9902e-05, -4.8161e-05, -6.7484e-05, -8.8073e-05, -1.1001e-04, -1.3346e-04, -1.5864e-04, -1.8576e-04, -2.1507e-04, -2.4683e-04, -2.8136e-04, -3.1906e-04, -3.6034e-04, -4.0571e-04, -4.5578e-04, -5.1124e-04, -5.7289e-04, -6.4175e-04, -7.1897e-04, -8.0600e-04, -9.0453e-04, -1.0167e-03, -1.1452e-03, -1.2933e-03, -1.4651e-03, -1.6661e-03, -1.9031e-03, -2.1853e-03, -2.5252e-03, -2.9397e-03, -3.4528e-03, -4.0992e-03, -4.9302e-03, -6.0242e-03, -7.5027e-03, -9.5565e-03, -1.2489e-02, -1.6788e-02, -2.3259e-02, -3.3229e-02, -4.8790e-02, -7.2659e-02, -1.0564e-01, -1.3315e-01, -1.1338e-01, -6.8941e-02, -8.8837e-02, -9.8393e-02, -9.6690e-02, -8.9800e-02, -8.1272e-02, -7.1674e-02, -6.0449e-02, -4.7539e-02, -3.3994e-02, -2.1611e-02, -1.2011e-02, -5.8080e-03, -2.4613e-03], requires_grad=True)
Parameter containing:
tensor([[-100.,    0.]])
Parameter containing:
tensor([[350.,   0.]])
Parameter containing:
tensor(3.)
Parameter containing:
tensor([0.5395], requires_grad=True)
Parameter containing:
tensor([3.2854], requires_grad=True)
Parameter containing:
tensor([1., 0.])
