Parameter containing:
tensor([ 4.3008e-01,  4.1230e-01,  3.9159e-01,  3.6826e-01,  3.4268e-01,  3.1518e-01,  2.8607e-01,  2.5561e-01,  2.2406e-01,  1.9159e-01,  1.5839e-01,  1.2459e-01,  9.0314e-02,  5.5668e-02,  2.0769e-02, -1.4257e-02, -4.9259e-02, -8.4054e-02, -1.1841e-01, -1.5206e-01, -1.8467e-01, -2.1585e-01, -2.4516e-01, -2.7212e-01, -2.9623e-01, -3.1695e-01, -3.3376e-01, -3.4636e-01, -3.5446e-01, -3.5780e-01, -3.5627e-01, -3.4985e-01, -3.3861e-01, -3.2276e-01, -3.0256e-01, -2.7842e-01, -2.5116e-01, -2.2167e-01, -1.9144e-01, -1.6120e-01, -1.3149e-01, -1.0223e-01, -7.3829e-02, -4.6844e-02, -2.1787e-02,  8.6482e-04,  2.0683e-02,  3.7310e-02,  5.0463e-02,  6.0719e-02,  6.8825e-02,  7.5094e-02,  7.9740e-02,  8.3004e-02,  8.5130e-02,  8.6347e-02,  8.6840e-02,  8.6759e-02,  8.6236e-02,  8.5364e-02,  8.4220e-02,  8.2780e-02,  8.0736e-02,  7.7771e-02,  7.3638e-02,  6.8188e-02,  6.1309e-02,  5.3056e-02,  4.3536e-02,  3.2584e-02,  2.0167e-02,  6.6956e-03, -7.4326e-03, -2.1832e-02, -3.6152e-02, -5.0095e-02,
        -6.3426e-02, -7.5958e-02, -8.7534e-02, -9.8006e-02, -1.0722e-01, -1.1502e-01, -1.2127e-01, -1.2581e-01, -1.2854e-01, -1.2934e-01, -1.2814e-01, -1.2486e-01, -1.1946e-01, -1.1173e-01, -1.0142e-01, -8.8195e-02, -7.1637e-02, -5.1293e-02, -2.6828e-02,  2.0361e-03,  3.5553e-02,  7.3801e-02,  1.1659e-01,  1.6314e-01,  2.1168e-01,  2.5978e-01,  3.0535e-01, -4.4742e-02, -6.8473e-02,  3.7735e-04,  5.6349e-05, -2.5399e-04, -1.4518e-04, -1.4494e-04, -1.5635e-04, -1.5211e-04, -1.4024e-04, -1.2347e-04, -1.0324e-04, -8.0417e-05, -5.9534e-05, -4.1895e-05, -3.0353e-05, -2.5732e-05, -2.8718e-05, -3.8990e-05, -5.5598e-05, -7.6996e-05, -1.0129e-04, -1.2643e-04, -1.5031e-04, -1.7100e-04, -1.8682e-04, -1.9667e-04, -1.9974e-04, -1.9590e-04, -1.8549e-04, -1.6930e-04, -1.4862e-04], requires_grad=True)
Parameter containing:
tensor([ 3.2386e-03,  2.7823e-03,  2.3776e-03,  2.0197e-03,  1.7042e-03,  1.4269e-03,  1.1841e-03,  9.7236e-04,  7.8846e-04,  6.2948e-04,  4.9275e-04,  3.7585e-04,  2.7656e-04,  1.9288e-04,  1.2302e-04,  6.5266e-05,  1.8148e-05, -1.9711e-05, -4.9532e-05, -7.2380e-05, -8.9235e-05, -1.0101e-04, -1.0840e-04, -1.1219e-04, -1.1291e-04, -1.1116e-04, -1.0733e-04, -1.0188e-04, -9.5136e-05, -8.7407e-05, -7.8954e-05, -6.9995e-05, -6.0697e-05, -5.1236e-05, -4.1721e-05, -3.2291e-05, -2.3034e-05, -1.4068e-05, -5.4614e-06,  2.6821e-06,  1.0244e-05,  1.7090e-05,  2.3050e-05,  2.7888e-05,  3.1358e-05,  3.3069e-05,  3.2584e-05,  2.9311e-05,  2.2523e-05,  1.4052e-05,  6.0776e-06, -8.9438e-07, -6.9833e-06, -1.2289e-05, -1.6838e-05, -2.0671e-05, -2.3740e-05, -2.5870e-05, -2.6791e-05, -2.6177e-05, -2.3592e-05, -1.8905e-05, -1.2883e-05, -6.3146e-06,  2.7975e-07,  6.6127e-06,  1.2318e-05,  1.7364e-05,  2.1776e-05,  2.4365e-05,  2.4356e-05,  2.2444e-05,  1.9307e-05,  1.5449e-05,  1.1352e-05,  7.3698e-06,
         3.8577e-06,  1.1373e-06, -5.6487e-07, -1.1447e-06, -3.5761e-07,  1.7806e-06,  5.2358e-06,  9.7649e-06,  1.4886e-05,  1.9867e-05,  2.3301e-05,  2.3041e-05,  1.5746e-05,  2.4018e-06, -1.3887e-05, -3.1112e-05, -4.7443e-05, -5.9052e-05, -6.5736e-05, -6.6027e-05, -6.0085e-05, -4.9079e-05, -3.2249e-05, -7.2212e-06,  2.6976e-05,  6.9694e-05,  1.2218e-04,  1.7718e-04,  2.2507e-04,  2.3846e-04,  1.5457e-04, -1.3711e-04, -8.1560e-04, -2.2046e-03, -4.8202e-03, -9.3610e-03, -1.6570e-02, -2.6930e-02, -4.0234e-02, -5.5108e-02, -6.8743e-02, -7.8246e-02, -8.5312e-02, -9.1803e-02, -9.5290e-02, -9.7222e-02, -9.7583e-02, -9.6410e-02, -9.3594e-02, -8.8893e-02, -8.2011e-02, -7.2719e-02, -6.1092e-02, -4.7765e-02, -3.4057e-02, -2.1700e-02, -1.2147e-02, -5.9054e-03, -2.4790e-03], requires_grad=True)
Parameter containing:
tensor([[-100.,    0.]])
Parameter containing:
tensor([[350.,   0.]])
Parameter containing:
tensor(3.)
Parameter containing:
tensor([0.9594], requires_grad=True)
Parameter containing:
tensor([3.2880], requires_grad=True)
Parameter containing:
tensor([1., 0.])
