Parameter containing:
tensor([ 4.2897e-01,  4.1106e-01,  3.9022e-01,  3.6682e-01,  3.4120e-01,  3.1371e-01,  2.8464e-01,  2.5427e-01,  2.2284e-01,  1.9053e-01,  1.5751e-01,  1.2390e-01,  8.9827e-02,  5.5386e-02,  2.0691e-02, -1.4137e-02, -4.8947e-02, -8.3558e-02, -1.1774e-01, -1.5123e-01, -1.8367e-01, -2.1470e-01, -2.4386e-01, -2.7070e-01, -2.9469e-01, -3.1532e-01, -3.3208e-01, -3.4470e-01, -3.5288e-01, -3.5635e-01, -3.5494e-01, -3.4860e-01, -3.3741e-01, -3.2161e-01, -3.0151e-01, -2.7749e-01, -2.5035e-01, -2.2099e-01, -1.9089e-01, -1.6078e-01, -1.3121e-01, -1.0209e-01, -7.3850e-02, -4.7025e-02, -2.2128e-02,  3.7628e-04,  2.0067e-02,  3.6596e-02,  4.9684e-02,  5.9908e-02,  6.8005e-02,  7.4283e-02,  7.8947e-02,  8.2231e-02,  8.4376e-02,  8.5612e-02,  8.6123e-02,  8.6063e-02,  8.5563e-02,  8.4716e-02,  8.3603e-02,  8.2197e-02,  8.0187e-02,  7.7251e-02,  7.3136e-02,  6.7682e-02,  6.0768e-02,  5.2444e-02,  4.2830e-02,  3.1783e-02,  1.9292e-02,  5.7877e-03, -8.3305e-03, -2.2686e-02, -3.6943e-02, -5.0818e-02,
        -6.4088e-02, -7.6574e-02, -8.8120e-02, -9.8581e-02, -1.0780e-01, -1.1563e-01, -1.2191e-01, -1.2651e-01, -1.2931e-01, -1.3020e-01, -1.2910e-01, -1.2595e-01, -1.2069e-01, -1.1314e-01, -1.0304e-01, -9.0066e-02, -7.3781e-02, -5.3695e-02, -2.9354e-02, -2.3297e-04,  3.4342e-02,  7.4898e-02,  1.2117e-01,  1.7121e-01,  2.2194e-01,  2.7131e-01,  3.1824e-01, -5.2738e-02, -6.5380e-02,  9.0525e-04,  1.9724e-04, -5.6220e-05, -4.3634e-05, -4.9394e-05, -3.4186e-05, -1.8112e-05, -1.1737e-05, -1.1930e-05, -1.4566e-05, -1.6765e-05, -1.8052e-05, -1.8164e-05, -1.7812e-05, -1.7315e-05, -1.6928e-05, -1.6800e-05, -1.6776e-05, -1.6758e-05, -1.6789e-05, -1.6776e-05, -1.6726e-05, -1.6684e-05, -1.6636e-05, -1.6618e-05, -1.6618e-05, -1.6628e-05, -1.6622e-05, -1.6648e-05, -1.6665e-05], requires_grad=True)
Parameter containing:
tensor([ 4.4106e-03,  3.3893e-03,  2.5628e-03,  1.8994e-03,  1.3716e-03,  9.5632e-04,  6.3364e-04,  3.8661e-04,  2.0104e-04,  6.4860e-05, -3.1934e-05, -9.7718e-05, -1.3943e-04, -1.6272e-04, -1.7228e-04, -1.7185e-04, -1.6442e-04, -1.5238e-04, -1.3759e-04, -1.2146e-04, -1.0508e-04, -8.9196e-05, -7.4366e-05, -6.0953e-05, -4.9132e-05, -3.8980e-05, -3.0538e-05, -2.3718e-05, -1.8415e-05, -1.4508e-05, -1.1808e-05, -1.0166e-05, -9.3833e-06, -9.3367e-06, -9.8111e-06, -1.0671e-05, -1.1744e-05, -1.2938e-05, -1.4075e-05, -1.5098e-05, -1.5886e-05, -1.6413e-05, -1.6667e-05, -1.6662e-05, -1.6558e-05, -1.6554e-05, -1.7022e-05, -1.8574e-05, -2.2090e-05, -2.6134e-05, -2.8904e-05, -3.0404e-05, -3.1007e-05, -3.1108e-05, -3.1029e-05, -3.0885e-05, -3.0828e-05, -3.0856e-05, -3.0880e-05, -3.0615e-05, -2.9741e-05, -2.7950e-05, -2.5889e-05, -2.3951e-05, -2.2421e-05, -2.1178e-05, -2.0290e-05, -1.9521e-05, -1.8553e-05, -1.8297e-05, -1.9366e-05, -2.1088e-05, -2.2977e-05, -2.4779e-05, -2.6330e-05, -2.7612e-05,
        -2.8573e-05, -2.9293e-05, -2.9748e-05, -2.9917e-05, -2.9716e-05, -2.9143e-05, -2.8025e-05, -2.6308e-05, -2.3794e-05, -2.0571e-05, -1.7066e-05, -1.4423e-05, -1.5233e-05, -1.8670e-05, -2.2487e-05, -2.6065e-05, -2.9366e-05, -3.0387e-05, -3.0553e-05, -2.9675e-05, -2.8960e-05, -3.0054e-05, -3.3117e-05, -3.6428e-05, -3.9161e-05, -4.0599e-05, -3.6266e-05, -2.5480e-05, -4.9139e-06,  1.8801e-05,  9.6685e-06, -1.2168e-04, -5.6425e-04, -1.7096e-03, -4.2163e-03, -8.9530e-03, -1.6708e-02, -2.7691e-02, -4.1115e-02, -5.5191e-02, -6.7780e-02, -7.7809e-02, -8.6002e-02, -9.1765e-02, -9.5409e-02, -9.7347e-02, -9.7712e-02, -9.6547e-02, -9.3739e-02, -8.9049e-02, -8.2177e-02, -7.2896e-02, -6.1276e-02, -4.7947e-02, -3.4225e-02, -2.1843e-02, -1.2259e-02, -5.9906e-03, -2.5457e-03], requires_grad=True)
Parameter containing:
tensor([[-100.,    0.]])
Parameter containing:
tensor([[350.,   0.]])
Parameter containing:
tensor(3.)
Parameter containing:
tensor([0.9582], requires_grad=True)
Parameter containing:
tensor([3.2892], requires_grad=True)
Parameter containing:
tensor([1., 0.])
