Parameter containing:
tensor([ 4.3198e-01,  4.1428e-01,  3.9359e-01,  3.7027e-01,  3.4466e-01,  3.1710e-01,  2.8789e-01,  2.5732e-01,  2.2563e-01,  1.9301e-01,  1.5965e-01,  1.2568e-01,  9.1241e-02,  5.6435e-02,  2.1382e-02, -1.3791e-02, -4.8937e-02, -8.3870e-02, -1.1837e-01, -1.5215e-01, -1.8490e-01, -2.1623e-01, -2.4570e-01, -2.7284e-01, -2.9715e-01, -3.1811e-01, -3.3521e-01, -3.4817e-01, -3.5668e-01, -3.6045e-01, -3.5930e-01, -3.5314e-01, -3.4203e-01, -3.2622e-01, -3.0602e-01, -2.8184e-01, -2.5451e-01, -2.2493e-01, -1.9460e-01, -1.6425e-01, -1.3442e-01, -1.0501e-01, -7.6449e-02, -4.9281e-02, -2.4017e-02, -1.1303e-03,  1.8952e-02,  3.5870e-02,  4.9335e-02,  5.9917e-02,  6.8351e-02,  7.4940e-02,  7.9890e-02,  8.3438e-02,  8.5825e-02,  8.7284e-02,  8.8002e-02,  8.8133e-02,  8.7811e-02,  8.7132e-02,  8.6179e-02,  8.4925e-02,  8.3064e-02,  8.0278e-02,  7.6314e-02,  7.1018e-02,  6.4265e-02,  5.6100e-02,  4.6628e-02,  3.5686e-02,  2.3249e-02,  9.7425e-03, -4.4223e-03, -1.8851e-02, -3.3189e-02, -4.7138e-02,
        -6.0464e-02, -7.2979e-02, -8.4523e-02, -9.4948e-02, -1.0409e-01, -1.1180e-01, -1.1792e-01, -1.2231e-01, -1.2483e-01, -1.2539e-01, -1.2389e-01, -1.2026e-01, -1.1444e-01, -1.0625e-01, -9.5426e-02, -8.1699e-02, -6.4725e-02, -4.4225e-02, -2.0155e-02,  7.2924e-03,  3.7719e-02,  7.0461e-02,  1.0472e-01,  1.3969e-01,  1.7464e-01,  2.0888e-01,  2.4133e-01,  4.3413e-02, -6.4910e-02, -1.2244e-02,  8.9465e-04,  1.4004e-03,  2.8952e-04, -1.4597e-04, -1.2048e-04, -2.0118e-05,  2.6000e-05,  1.8292e-05, -1.8808e-05,  2.3969e-05, -1.6021e-05, -7.9747e-07,  3.9232e-06,  1.6970e-06,  4.8472e-07,  4.2831e-07,  6.0707e-07,  5.3296e-07,  5.9389e-07,  7.1684e-07,  7.6739e-07,  7.6603e-07,  7.7788e-07,  7.7972e-07,  7.8187e-07,  8.0080e-07,  8.3106e-07,  8.2456e-07,  8.2854e-07], requires_grad=True)
Parameter containing:
tensor([ 2.1233e-03,  1.9725e-03,  1.8296e-03,  1.6941e-03,  1.5658e-03,  1.4445e-03,  1.3298e-03,  1.2216e-03,  1.1196e-03,  1.0235e-03,  9.3311e-04,  8.4825e-04,  7.6864e-04,  6.9405e-04,  6.2433e-04,  5.5923e-04,  4.9855e-04,  4.4211e-04,  3.8970e-04,  3.4115e-04,  2.9626e-04,  2.5486e-04,  2.1674e-04,  1.8176e-04,  1.4973e-04,  1.2047e-04,  9.3819e-05,  6.9599e-05,  4.7636e-05,  2.7758e-05,  9.7997e-06, -6.4201e-06, -2.1096e-05, -3.4386e-05, -4.6512e-05, -5.7662e-05, -6.8016e-05, -7.7825e-05, -8.7287e-05, -9.6654e-05, -1.0617e-04, -1.1612e-04, -1.2679e-04, -1.3849e-04, -1.5158e-04, -1.6641e-04, -1.8339e-04, -2.0298e-04, -2.2565e-04, -2.4924e-04, -2.7096e-04, -2.8995e-04, -3.0580e-04, -3.1816e-04, -3.2671e-04, -3.3102e-04, -3.3071e-04, -3.2530e-04, -3.1431e-04, -2.9723e-04, -2.7360e-04, -2.4335e-04, -2.0752e-04, -1.6722e-04, -1.2349e-04, -7.7124e-05, -2.9159e-05,  1.9778e-05,  6.8980e-05,  1.1656e-04,  1.6103e-04,  2.0257e-04,  2.4129e-04,  2.7726e-04,  3.1058e-04,  3.4120e-04,
         3.6911e-04,  3.9414e-04,  4.1610e-04,  4.3468e-04,  4.4945e-04,  4.5981e-04,  4.6494e-04,  4.6379e-04,  4.5505e-04,  4.3701e-04,  4.0745e-04,  3.6358e-04,  3.0185e-04,  2.2386e-04,  1.3413e-04,  3.6783e-05, -6.3811e-05, -1.6074e-04, -2.5098e-04, -3.3062e-04, -3.9783e-04, -4.5268e-04, -4.9442e-04, -5.2207e-04, -5.3793e-04, -5.4836e-04, -5.6093e-04, -5.9453e-04, -6.7285e-04, -8.3647e-04, -1.1538e-03, -1.7158e-03, -2.6289e-03, -4.0599e-03, -6.2655e-03, -9.6257e-03, -1.4674e-02, -2.2119e-02, -3.2836e-02, -4.7705e-02, -6.6835e-02, -8.7078e-02, -9.7644e-02, -8.5773e-02, -9.2760e-02, -9.7713e-02, -9.7542e-02, -9.6289e-02, -9.3575e-02, -8.8893e-02, -8.2013e-02, -7.2734e-02, -6.1117e-02, -4.7796e-02, -3.4091e-02, -2.1732e-02, -1.2175e-02, -5.9295e-03, -2.5011e-03], requires_grad=True)
Parameter containing:
tensor([[-100.,    0.]])
Parameter containing:
tensor([[350.,   0.]])
Parameter containing:
tensor(3.)
Parameter containing:
tensor([0.9613], requires_grad=True)
Parameter containing:
tensor([3.2868], requires_grad=True)
Parameter containing:
tensor([1., 0.])
