Parameter containing:
tensor([ 0.1427,  0.1408,  0.1389,  0.1368,  0.1348,  0.1327,  0.1307,  0.1287,  0.1267,  0.1247,  0.1226,  0.1205,  0.1182,  0.1159,  0.1134,  0.1108,  0.1081,  0.1053,  0.1026,  0.0999,  0.0973,  0.0948,  0.0926,  0.0907,  0.0891,  0.0878,  0.0869,  0.0865,  0.0865,  0.0870,  0.0879,  0.0893,  0.0912,  0.0934,  0.0961,  0.0992,  0.1026,  0.1063,  0.1103,  0.1146,  0.1191,  0.1238,  0.1287,  0.1336,  0.1387,  0.1437,  0.1488,  0.1538,  0.1588,  0.1636,  0.1682,  0.1727,  0.1768,  0.1807,  0.1843,  0.1875,  0.1904,  0.1928,  0.1947,  0.1962,  0.1971,  0.1975,  0.1974,  0.1968,  0.1956,  0.1939,  0.1916,  0.1888,  0.1855,  0.1817,  0.1774,  0.1727,  0.1676,  0.1620,  0.1562,  0.1500,  0.1435,  0.1367,  0.1298,  0.1226,  0.1153,  0.1078,  0.1002,  0.0926,  0.0849,  0.0772,  0.0695,  0.0617,  0.0540,  0.0464,  0.0388,  0.0313,  0.0239,  0.0166,  0.0094,  0.0024, -0.0045, -0.0112, -0.0178, -0.0241, -0.0303, -0.0362, -0.0419, -0.0474, -0.0527, -0.0577, -0.0624, -0.0668, -0.0709, -0.0748,
        -0.0783, -0.0815, -0.0844, -0.0869, -0.0892, -0.0911, -0.0927, -0.0940, -0.0951, -0.0959, -0.0966, -0.0971, -0.0975, -0.0979, -0.0984, -0.0990, -0.1000, -0.1013, -0.1031, -0.1054, -0.1082, -0.1113], requires_grad=True)
Parameter containing:
tensor([-0.0117, -0.0121, -0.0125, -0.0129, -0.0132, -0.0135, -0.0138, -0.0141, -0.0144, -0.0147, -0.0149, -0.0152, -0.0154, -0.0157, -0.0159, -0.0162, -0.0164, -0.0166, -0.0169, -0.0171, -0.0173, -0.0176, -0.0178, -0.0180, -0.0183, -0.0185, -0.0188, -0.0190, -0.0192, -0.0195, -0.0197, -0.0200, -0.0202, -0.0205, -0.0207, -0.0210, -0.0213, -0.0215, -0.0218, -0.0221, -0.0223, -0.0226, -0.0229, -0.0231, -0.0234, -0.0237, -0.0240, -0.0243, -0.0246, -0.0249, -0.0252, -0.0254, -0.0257, -0.0260, -0.0264, -0.0267, -0.0270, -0.0273, -0.0276, -0.0279, -0.0282, -0.0285, -0.0289, -0.0292, -0.0295, -0.0298, -0.0301, -0.0305, -0.0308, -0.0311, -0.0314, -0.0318, -0.0321, -0.0324, -0.0328, -0.0331, -0.0334, -0.0338, -0.0341, -0.0344, -0.0348, -0.0351, -0.0354, -0.0358, -0.0361, -0.0364, -0.0368, -0.0371, -0.0375, -0.0378, -0.0381, -0.0385, -0.0388, -0.0392, -0.0396, -0.0399, -0.0403, -0.0407, -0.0411, -0.0414, -0.0418, -0.0422, -0.0426, -0.0431, -0.0435, -0.0439, -0.0444, -0.0449, -0.0454, -0.0459,
        -0.0464, -0.0469, -0.0475, -0.0481, -0.0488, -0.0494, -0.0501, -0.0509, -0.0517, -0.0526, -0.0535, -0.0544, -0.0555, -0.0566, -0.0577, -0.0589, -0.0601, -0.0613, -0.0624, -0.0634, -0.0641, -0.0644], requires_grad=True)
Parameter containing:
tensor([[-10.,   0.]])
Parameter containing:
tensor([[35.,  0.]])
Parameter containing:
tensor(0.3000)
Parameter containing:
tensor([1.1429], requires_grad=True)
Parameter containing:
tensor([-2.0116], requires_grad=True)
Parameter containing:
tensor([1., 0.])
