Parameter containing:
tensor([ 7.8915e-03,  2.5033e-03,  4.6724e-04, -1.2354e-04, -1.7274e-04, -7.2357e-05,  2.9844e-05,  9.4312e-05,  1.2291e-04,  1.2789e-04,  1.2187e-04,  1.1267e-04,  1.0428e-04,  9.8871e-05,  9.6172e-05,  9.5631e-05,  9.6161e-05,  9.7704e-05,  9.9151e-05,  1.0054e-04,  1.0168e-04,  1.0242e-04,  1.0299e-04,  1.0379e-04,  1.0391e-04,  1.0450e-04,  1.0487e-04,  1.0517e-04,  1.0591e-04,  1.0658e-04,  1.0686e-04,  1.0749e-04,  1.0810e-04,  1.0872e-04,  1.0929e-04,  1.0987e-04,  1.1060e-04,  1.1131e-04,  1.1187e-04,  1.1255e-04,  1.1319e-04,  1.1398e-04,  1.1444e-04,  1.1514e-04,  1.1569e-04,  1.1641e-04,  1.1687e-04,  1.1737e-04,  1.1785e-04,  1.1865e-04,  1.1919e-04,  1.1961e-04,  1.2012e-04,  1.2066e-04,  1.2120e-04,  1.2155e-04,  1.2193e-04,  1.2244e-04,  1.2272e-04,  1.2299e-04,  1.2350e-04,  1.2375e-04,  1.2417e-04,  1.2453e-04,  1.2489e-04,  1.2529e-04,  1.2544e-04,  1.2566e-04,  1.2601e-04,  1.2629e-04,  1.2661e-04,  1.2695e-04,  1.2721e-04,  1.2718e-04,  1.2751e-04,  1.2773e-04,
         1.2798e-04,  1.2802e-04,  1.2816e-04,  1.2828e-04,  1.2827e-04,  1.2827e-04,  1.2839e-04,  1.2815e-04,  1.2813e-04,  1.2762e-04,  1.2750e-04,  1.2695e-04,  1.2628e-04,  1.2564e-04,  1.2498e-04,  1.2458e-04,  1.2407e-04,  1.2433e-04,  1.2435e-04,  1.2353e-04,  1.2070e-04,  1.1429e-04,  1.0327e-04,  8.9949e-05,  8.3561e-05,  1.0401e-04,  1.7338e-04,  2.6459e-04,  1.2368e-04, -1.2093e-03, -6.5252e-03, -1.0636e-02, -1.1452e-02, -1.1431e-02, -1.1335e-02, -1.1321e-02, -1.1375e-02, -1.1458e-02, -1.1545e-02, -1.1627e-02, -1.1703e-02, -1.1775e-02, -1.1846e-02, -1.1917e-02, -1.1989e-02, -1.2061e-02, -1.2135e-02, -1.2208e-02, -1.2281e-02, -1.2354e-02, -1.2426e-02, -1.2498e-02, -1.2569e-02, -1.2640e-02, -1.2709e-02, -1.2778e-02, -1.2846e-02, -1.2913e-02, -1.2979e-02, -1.3043e-02, -1.3106e-02, -1.3168e-02, -1.3228e-02, -1.3287e-02, -1.3343e-02, -1.3398e-02, -1.3451e-02, -1.3504e-02, -1.3573e-02, -1.3720e-02, -1.3945e-02, -1.4170e-02, -1.4394e-02, -1.4603e-02, -1.4819e-02, -1.5064e-02,
        -1.5309e-02, -1.5546e-02, -1.5789e-02, -1.6029e-02, -1.6261e-02, -1.6494e-02, -1.6721e-02, -1.6935e-02, -1.7129e-02, -1.7298e-02, -1.7430e-02, -1.7513e-02, -1.7555e-02, -1.7567e-02, -1.7540e-02, -1.7540e-02, -1.7522e-02, -1.7489e-02, -1.7461e-02, -1.7376e-02, -1.7129e-02, -1.6815e-02, -1.6673e-02, -1.6713e-02, -1.6775e-02, -1.6836e-02, -1.6885e-02, -1.6921e-02, -1.6940e-02, -1.6940e-02, -1.6919e-02, -1.6875e-02, -1.6807e-02, -1.6713e-02, -1.6592e-02, -1.6441e-02, -1.6258e-02, -1.6042e-02, -1.5790e-02, -1.5499e-02, -1.5165e-02, -1.4783e-02, -1.4349e-02, -1.3855e-02, -1.3293e-02, -1.2655e-02, -1.1929e-02, -1.1102e-02], requires_grad=True)
Parameter containing:
tensor([ 1.6302e-02,  1.4499e-02,  1.2857e-02,  1.1366e-02,  1.0013e-02,  8.7877e-03,  7.6803e-03,  6.6814e-03,  5.7825e-03,  4.9753e-03,  4.2524e-03,  3.6067e-03,  3.0317e-03,  2.5212e-03,  2.0696e-03,  1.6717e-03,  1.3226e-03,  1.0176e-03,  7.5277e-04,  5.2409e-04,  3.2803e-04,  1.6131e-04,  2.0855e-05, -9.6069e-05, -1.9204e-04, -2.6943e-04, -3.3038e-04, -3.7683e-04, -4.1062e-04, -4.3333e-04, -4.4647e-04, -4.5138e-04, -4.4927e-04, -4.4123e-04, -4.2827e-04, -4.1124e-04, -3.9095e-04, -3.6810e-04, -3.4332e-04, -3.1715e-04, -2.9009e-04, -2.6253e-04, -2.3487e-04, -2.0740e-04, -1.8037e-04, -1.5406e-04, -1.2862e-04, -1.0424e-04, -8.0991e-05, -5.8985e-05, -3.8326e-05, -1.8998e-05, -1.0911e-06,  1.5420e-05,  3.0542e-05,  4.4259e-05,  5.6616e-05,  6.7676e-05,  7.7442e-05,  8.5996e-05,  9.3393e-05,  9.9690e-05,  1.0496e-04,  1.0925e-04,  1.1265e-04,  1.1522e-04,  1.1701e-04,  1.1811e-04,  1.1860e-04,  1.1852e-04,  1.1796e-04,  1.1695e-04,  1.1558e-04,  1.1386e-04,  1.1191e-04,  1.0974e-04,
         1.0741e-04,  1.0496e-04,  1.0243e-04,  9.9862e-05,  9.7288e-05,  9.4729e-05,  9.2235e-05,  8.9809e-05,  8.7488e-05,  8.5279e-05,  8.3209e-05,  8.1287e-05,  7.9527e-05,  7.7923e-05,  7.6489e-05,  7.5208e-05,  7.4106e-05,  7.3177e-05,  7.2395e-05,  7.1761e-05,  7.1263e-05,  7.0897e-05,  7.0625e-05,  7.0454e-05,  7.0340e-05,  7.0265e-05,  7.0209e-05,  7.0114e-05,  6.9958e-05,  6.9682e-05,  6.9241e-05,  6.8549e-05,  6.7534e-05,  6.6115e-05,  6.4202e-05,  6.1733e-05,  5.8761e-05,  5.5472e-05,  5.2222e-05,  4.9501e-05,  4.7712e-05,  4.7051e-05,  4.7316e-05,  4.8303e-05,  4.9745e-05,  5.1604e-05,  5.4015e-05,  5.7256e-05,  6.1664e-05,  6.7622e-05,  7.5443e-05,  8.5426e-05,  1.0026e-04,  1.2036e-04,  1.4621e-04,  1.7802e-04,  2.1565e-04,  2.5829e-04,  3.0757e-04,  3.6044e-04,  4.1143e-04,  4.5116e-04,  4.6410e-04,  4.2783e-04,  3.0553e-04,  3.7916e-05, -4.7205e-04, -1.3736e-03, -2.9066e-03, -5.4300e-03, -9.0133e-03, -1.3335e-02, -1.8124e-02, -2.3139e-02, -2.8206e-02, -3.3053e-02,
        -3.7247e-02, -4.0594e-02, -4.3123e-02, -4.4878e-02, -4.5919e-02, -4.6432e-02, -4.6572e-02, -4.6374e-02, -4.5701e-02, -4.6172e-02, -4.4771e-02, -4.3162e-02, -4.1134e-02, -3.8453e-02, -3.4981e-02, -3.1472e-02, -2.7794e-02, -2.4045e-02, -2.0505e-02, -1.6397e-02, -1.0686e-02, -4.5314e-03, -9.7960e-04, -1.0242e-04,  1.3470e-05, -5.1681e-05, -1.2813e-04, -2.1633e-04, -3.2286e-04, -4.3998e-04, -5.5747e-04, -6.6742e-04, -7.6416e-04, -8.4375e-04, -9.0305e-04, -9.3872e-04, -9.4838e-04, -9.2988e-04, -8.8244e-04, -8.0595e-04, -7.0181e-04, -5.7275e-04, -4.2226e-04, -2.5540e-04, -7.7674e-05,  1.0466e-04,  2.8538e-04,  4.5824e-04], requires_grad=True)
Parameter containing:
tensor([[-500.,    0.]])
Parameter containing:
tensor([[350.,   0.]])
Parameter containing:
tensor(1.5000)
Parameter containing:
tensor(3.)
Parameter containing:
tensor([0.5315], requires_grad=True)
Parameter containing:
tensor([3.3012], requires_grad=True)
Parameter containing:
tensor([1., 0.])
